8352
8354
8355
8358
8359
8360
8363
8365
8367
8368
8369
8372
8379
8382
8383
8387
8390
8392
8394
8395
8396
8398
8402
8403
8404
8405
8406
8407
8408
8409
8411
8412
8416
8417
8418
8419
8424
8425
8427
8428
8431
8433
8434
8435
8436
8437
8438
8439
8440
8443
8444
8445
8446
8447
8448
8449
8450
8451
8452
8453
8454
8455
8456
8458
8459
8460
8462
8464
8467
8468
8470
8471
8473
8476
8477
8479
8480
8481
8482
8483
8484
8487
8490
8491
8492
8493
8495
8496
8497
8498
8499
8500
8501
8502
8503
8504
8505
8506
8507
8508
8509
8513
8514
8515
8516
8517
8518
8519
8520
8521
8522
8525
8526
8527
8528
8529
8530
8531
8533
8534
8535
8536
8537
8538
8539
8540
8541
8542
8543
8544
8545
8546
8547
8548
8549
8550
8552
8553
8554
8555
8556
8557
8558
8559
8560
8562
8563
8564
8565
8566
8567
8568
8569
8570
8572
8573
8574
8575
8576
8578
8581
8590
8600
8601
8602
8603
8604
8605
8607
8608
8609
8611
8612
8613
8614
8615
8618
8620
8621
8622
8623
8624
8625
8626
8629
8630
8631
8632
8633
8634
8635
8636
8638
8639
8642
8643
8644
8645
8646
8647
8648
8649
8651
8653
8654
8655
8658
8659
8660
8661
8662
8664
8665
8666
8667
8668
8669
8671
8672
8673
8674
8675
8676
8677
8678
8682
8685
8687
8688
8689
8690
8692
8694
8697
8698
8702
8703
8704
8705
8706
8707
8708
8710
8711
8712
8714
8715
8717
8718
8720
8721
8722
8723
8724
8725
8726
8727
8728
8729
8731
8732
8733
8735
8736
8737
8738
8739
8740
8741
8743
8744
8745
8747
8748
8749
8751
8754
8756
8760
8763
8764
8766
8767
8772
8773
8774
8775
8776
8777
8778
8780
8785
8786
8787
8788
8789
8790
8792
8793
8794
8795
8796
8798
8799
8800
8801
8802
8803
8804
8805
8807
8808
8809
8811
8812
8813
8814
8815
8817
8818
8819
8820
8821
8822
8823
8824
8825
8826
8828
8829
8832
8834
8835
8836
8837
8838
8839
8840
8841
8842
8843
8844
8846
8847
8848
8850
8851
8852
8853
8854
8856
8857
8858
8859
8861
8863
8864
8867
8869
8870
8871
8872
8874
8875
8876
8877
8878
8879
8880
8881
8882
8883
8884
8886
8887
8888
8890
8892
8893
8894
8895
8896
8897
8898
8899
8900
8904
8905
8906
8908
8909
8910
8911
8912
8913
8914
8915
8924
8925
8927
8928
8929
8930
8932
8933
8934
8935
8936
8938
8939
8940
8941
8942
8943
8945
8968
8970
8971
8972
8973
8975
8976
8985
8986
8988
8989
8991
8992
8993
8994
8995
8996
8997
8999
9001
9002
9013
9014
9015
9016
9019
9020
9021
9022
9023
9024
9025
9026
9028
9031
9032
9033
9037
9038
9039
9040
9043
9044
9045
9046
9047
9048
9049
9050
9051
9052
9053
9054
9055
9056
9057
9058
9060
9061
9063
9064
9070
9071
9073
9074
9076
9077
9079
9080
9086
9087
9088
9091
9092
9093
9094
9095
9097
9099
9100
9101
9104
9107
9108
9110
9111
9112
9113
9114
9118
9119
9120
9121
9122
9124
9125
9126
9127
9128
9129
9130
9131
9132
9133
9134
9135
9136
9139
9140
9141
9142
9143
9144
9145
9146
9147
9148
9149
9150
9152
9153
9154
9156
9158
9159
9162
9166
9168
9169
9170
9172
9173
9175
9177
9179
9180
9181
9182
9183
9184
9185
9187
9188
9189
9191
9194
9196
9197
9200
9201
9202
9203
9204
9205
9208
9209
9210
9211
9212
9214
9215
9217
9218
9219
9221
9223
9228
9229
9230
9231
9232
9235
9236
9238
9240
9242
9244
9245
9246
9247
9248
9249
9252
9254
9255
9256
9258
9260
9261
9262
9263
9265
9266
9267
9270
9271
9274
9275
9276
9277
9282
9283
9284
9287
9289
9293
9294
9295
9306
9308
9310
9312
9313
9314
9315
9317
9318
9319
9320
9321
9322
9324
9325
9326
9328
9329
9330
9331
9332
9333
9334
9337
9338
9340
9341
9342
9344
9348
9350
9351
9352
9353
9354
9355
9356
9358
9360
9361
9362
9363
9364
9365
9366
9367
9368
9369
9370
9371
9372
9373
9375
9376
9377
9378
9379
9380
9381
9388
9389
9390
9391
9392
9394
9397
9398
9399
9400
9401
9402
9403
9404
9407
9409
9410
9411
9413
9414
9415
9416
9419
9420
9421
9422
9423
9425
9427
9429
9435
9436
9437
9439
9440
9442
9443
9444
9445
9446
9447
9448
9450
9451
9452
9453
9454
9455
9456
9457
9459
9462
9463
9464
9465
9466
9467
9468
9469
9470
9472
9473
9474
9475
9477
9478
9479
9480
9482
9486
9487
9488
9489
9491
9493
9495
9496
9497
9498
9499
9500
9501
9506
9508
9509
9510
9512
9513
9514
9516
9517
9518
9519
9520
9521
9522
9524
9525
9526
9527
9528
9529
9530
9531
9533
9534
9535
9536
9537
9538
9540
9541
9542
9545
9546
9547
9550
9552
9553
9554
9555
9556
9557
9559
9562
9563
9567
9568
9569
9570
9573
9575
9576
9577
9578
9580
9581
9582
9583
9584
9585
9587
9588
9589
9590
9592
9595
9600
9601
9603
9604
9605
9607
9609
9610
9611
9612
9616
9617
9618
9619
9620
9623
9625
9627
9628
9629
9630
9631
9632
9633
9635
9636
9637
9638
9639
9640
9641
9643
9644
9645
9646
9647
9648
9649
9650
9651
9652
9653
9654
9655
9656
9657
9658
9659
9662
9663
9665
9666
9667
9668
9669
9670
9671
9672
9673
9674
9675
9677
9678
9679
9681
9682
9683
9684
9685
9686
9687
9688
9689
9690
9692
9694
9695
9696
9697
9698
9699
9700
9701
9702
9703
9704
9705
9706
9708
9709
9710
9711
9715
9716
9717
9718
9719
9720
9721
9722
9723
9725
9726
9727
9728
9729
9730
9731
9732
9733
9734
9735
9736
9737
9738
9739
9741
9742
9743
9744
9745
9746
9748
9749
9750
9751
9752
9753
9754
9755
9757
9758
9759
9760
9761
9762
9764
9765
9766
9767
9768
9770
9774
9775
9776
9777
9778
9779
9780
9781
9783
9784
9785
9786
9787
9788
9789
9790
9791
9792
9793
9794
9796
9797
9798
9801
9802
9804
9805
9806
9807
9810
9811
9812
9813
9814
9815
9816
9817
9818
9819
9820
9821
9823
9824
9825
9826
9827
9828
9829
9830
9831
9832
9833
9834
9836
9837
9839
9841
9842
9843
9844
9846
9847
9849
9851
9852
9853
9854
9855
9856
9857
9858
9860
9861
9862
9863
9865
9867
9868
9869
9870
9871
9873
9874
9878
9879
9880
9881
9882
9883
9885
9886
9887
9889
9890
9891
9892
9894
9895
9896
9897
9898
9899
9900
9901
9902
9903
9904
9905
9908
9910
9911
9912
9913
9914
9915
9917
9918
9919
9920
9921
9922
9923
9924
9925
9926
9927
9928
9929
9931
9933
9934
9935
9937
9938
9939
9940
9941
9942
9943
9945
9946
9947
9948
9949
9950
9953
9955
9956
9957
9960
9961
9962
9966
9967
9968
9969
9970
9971
9972
9973
9975
9976
9978
9980
9982
9984
9985
9986
9987
9988
9989
9990
9991
9992
9993
9994
9997
10000
10001
10002
10003
10004
10005
10006
10007
10009
10010
10013
10014
10015
10016
10017
10018
10019
10020
10021
10022
10023
10024
10025
10026
10036
10038
10039
10040
10042
10043
10044
10045
10046
10047
10048
10049
10050
10051
10052
10053
10054
10055
10057
10058
10059
10060
10061
10062
10066
10067
10068
10069
10072
10073
10075
10076
10077
10078
10079
10083
10084
10085
10087
10089
10090
10092
10093
10094
10095
10096
10097
10098
10099
10100
10101
10102
10103
10105
10106
10107
10109
10110
10111
10112
10113
10114
10116
10120
10121
10123
10124
10125
10126
10128
10129
10130
10131
10133
10134
10135
10137
10138
10139
10140
10141
10142
10144
10146
10147
10148
10149
10150
10152
10153
10154
10155
10157
10158
10159
10160
10161
10162
10163
10164
10165
10166
10168
10170
10171
10174
10175
10178
10179
10180
10181
10184
10186
10188
10190
10193
10195
10196
10197
10198
10199
10200
10201
10202
10203
10205
10206
10207
10208
10209
10210
10211
10212
10213
10214
10215
10217
10218
10219
10220
10221
10223
10224
10225
10226
10227
10228
10229
10230
10231
10232
10233
10234
10235
10236
10237
10238
10240
10241
10242
10243
10244
10245
10246
10247
10248
10249
10250
10252
10253
10254
10255
10256
10257
10260
10261
10262
10263
10265
10266
10267
10268
10269
10270
10272
10273
10274
10276
10277
10278
10279
10280
10281
10282
10284
10285
10286
10287
10288
10289
10291
10293
10294
10295
10297
10298
10299
10300
10301
10302
10308
10309
10311
10312
10313
10314
10316
10317
10318
10319
10320
10321
10322
10324
10325
10326
10327
10328
10329
10330
10331
10332
10333
10336
10342
10343
10345
10346
10347
10351
10352
10360
10362
10363
10365
10367
10368
10369
10370
10371
10376
10379
10380
10381
10382
10383
10384
10385
10388
10389
10390
10391
10392
10393
10394
10395
10396
10397
10398
10400
10401
10402
10403
10404
10406
10409
10410
10411
10412
10413
10418
10419
10420
10421
10422
10423
10424
10425
10426
10427
10428
10430
10432
10434
10435
10436
10438
10439
10440
10443
10444
10445
10446
10447
10449
10450
10451
10452
10454
10455
10456
10457
10458
10460
10461
10462
10463
10464
10465
10466
10467
10468
10469
10472
10473
10474
10475
10476
10477
10478
10479
10480
10481
10482
10483
10484
10485
10486
10487
10488
10489
10490
10491
10492
10493
10494
10495
10497
10499
10500
10501
10505
10507
10512
10513
10514
10516
10518
10519
10520
10521
10522
10523
10524
10525
10526
10527
10529
10531
10533
10534
10535
10536
10538
10539
10540
10541
10542
10544
10548
10549
10550
10551
10552
10553
10554
10555
10556
10557
10558
10559
10560
10561
10562
10563
10564
10565
10566
10567
10568
10570
10572
10573
10574
10575
10576
10577
10578
10579
10580
10581
10584
10585
10586
10587
10589
10590
10591
10592
10594
10595
10598
10599
10600
10602
10603
10605
10606
10607
10609
10610
10611
10612
10613
10614
10615
10616
10617
10618
10620
10621
10622
10623
10625
10627
10628
10629
10630
10631
10632
10633
10634
10635
10636
10637
10640
10641
10643
10644
10645
10647
10648
10650
10651
10652
10653
10654
10656
10657
10658
10659
10660
10661
10663
10664
10665
10666
10667
10668
10669
10670
10671
10672
10675
10677
10678
10681
10682
10683
10686
10687
10690
10691
10692
10693
10694
10695
10699
10712
10713
10714
10716
10721
10723
10724
10725
10726
10728
10730
10732
10733
10734
10735
10736
10737
10738
10739
10740
10741
10742
10743
10744
10745
10746
10747
10748
10749
10750
10752
10753
10755
10758
10761
10762
10763
10765
10766
10767
10768
10769
10771
10772
10773
10775
10776
10777
10778
10780
10781
10782
10785
10786
10787
10788
10791
10793
10795
10797
10798
10799
10800
10801
10802
10803
10807
10808
10810
10813
10814
10817
10818
10825
10826
10827
10840
10841
10842
10844
10845
10846
10847
10848
10849
10850
10855
10856
10857
10858
10859
10861
10863
10864
10865
10866
10867
10868
10869
10871
10873
10874
10875
10876
10877
10879
10880
10881
10882
10884
10885
10891
10892
10893
10894
10896
10897
10898
10899
10900
10902
10903
10904
10905
10906
10907
10908
10911
10912
10913
10914
10915
10916
10917
10919
10920
10921
10922
10923
10924
10926
10927
10928
10929
10930
10933
10935
10936
10938
10939
10940
10942
10943
10944
10945
10946
10947
10948
10949
10950
10951
10952
10953
10955
10956
10957
10959
10960
10961
10962
10963
10964
10966
10970
10971
10972
10973
10974
10975
10978
10979
10980
10981
10982
10983
10985
10987
10988
10989
10990
10991
10992
10993
10994
10998
11000
11001
11004
11005
11006
11007
11009
11010
11011
11012
11014
11015
11016
11017
11018
11019
11020
11021
11022
11024
11025
11026
11027
11030
11031
11033
11034
11037
11039
11040
11041
11043
11044
11045
11046
11047
11051
11052
11054
11055
11056
11057
11059
11060
11061
11062
11063
11064
11065
11066
11067
11068
11069
11070
11072
11073
11074
11075
11076
11077
11078
11079
11080
11081
11082
11083
11085
11092
11093
11094
11095
11096
11097
11098
11099
11100
11102
11103
11104
11107
11108
11116
11117
11118
11119
11120
11122
11123
11124
11126
11127
11129
11130
11131
11132
11133
11135
11136
11137
11138
11140
11141
11142
11143
11144
11145
11146
11147
11148
11151
11152
11153
11154
11156
11157
11160
11161
11162
11163
11165
11166
11167
11168
11169
11170
11171
11172
11173
11174
11176
11177
11178
11179
11180
11181
11182
11183
11184
11186
11187
11188
11189
11190
11193
11194
11196
11197
11198
11199
11200
11201
11202
11211
11212
11213
11214
11215
11216
11221
11222
11223
11224
11226
11228
11230
11231
11232
11234
11235
11236
11237
11238
11240
11243
11245
11247
11248
11250
11251
11252
11253
11254
11255
11257
11258
11259
11260
11261
11264
11266
11267
11273
11275
11276
11278
11279
11280
11281
11282
11283
11284
11285
11309
11311
11313
11314
11315
11316
11317
11318
11319
11320
11321
11322
11325
11326
11328
11329
11330
11331
11332
11333
11334
11335
11336
11337
11338
11339
11340
11341
11342
11343
11344
11345
11346
22795
22796
22797
22798
22800
22802
22806
22807
22808
22809
22818
22820
22821
22822
22823
22824
22826
22827
22828
22829
22832
22834
22835
22836
22837
22838
22839
22841
22843
22844
22845
22846
22847
22848
22849
22850
22852
22853
22854
22856
22858
22859
22861
22862
22863
22864
22865
22866
22868
22869
22870
22871
22872
22873
22874
22875
22876
22877
22878
22879
22880
22881
22882
22883
22884
22885
22887
22888
22889
22890
22891
22893
22894
22895
22897
22898
22899
22900
22902
22903
22904
22906
22907
22908
22909
22911
22913
22915
22916
22918
22919
22920
22921
22924
22925
22926
22927
22928
22929
22930
22932
22933
22934
22936
22937
22938
22941
22943
22944
22948
22950
22953
22954
22955
22974
22976
22977
22978
22979
22980
22981
22982
22983
22985
22986
22987
22989
22990
22994
22995
22996
22998
22999
23001
23002
23005
23007
23008
23011
23012
23013
23014
23015
23016
23017
23019
23022
23023
23024
23025
23026
23028
23029
23031
23032
23033
23034
23035
23036
23037
23038
23039
23040
23041
23043
23046
23047
23048
23051
23052
23053
23054
23057
23059
23060
23061
23062
23063
23064
23065
23066
23067
23070
23071
23072
23074
23075
23076
23077
23078
23080
23081
23082
23085
23086
23089
23090
23091
23092
23093
23094
23095
23096
23097
23098
23099
23101
23102
23105
23107
23108
23109
23111
23112
23113
23116
23118
23119
23120
23122
23125
23126
23127
23129
23130
23131
23133
23135
23136
23137
23138
23139
23140
23141
23142
23143
23144
23148
23149
23150
23151
23152
23154
23155
23157
23158
23160
23161
23162
23163
23164
23165
23166
23167
23168
23169
23170
23171
23172
23173
23174
23175
23176
23177
23178
23179
23180
23181
23185
23186
23187
23189
23190
23191
23192
23193
23194
23195
23196
23197
23198
23199
23200
23201
23203
23204
23205
23207
23208
23209
23210
23211
23212
23213
23214
23215
23216
23217
23218
23219
23220
23221
23223
23224
23225
23228
23229
23230
23231
23232
23233
23234
23235
23236
23237
23239
23240
23241
23242
23243
23244
23245
23247
23248
23250
23252
23253
23254
23255
23256
23258
23259
23261
23262
23263
23264
23265
23268
23269
23270
23271
23272
23274
23275
23276
23277
23279
23281
23283
23284
23285
23286
23287
23288
23291
23293
23294
23295
23299
23300
23301
23303
23304
23305
23306
23307
23308
23309
23310
23312
23313
23314
23315
23316
23317
23318
23321
23322
23324
23325
23326
23327
23328
23331
23332
23333
23334
23335
23336
23338
23339
23341
23344
23345
23347
23348
23350
23351
23352
23353
23355
23357
23360
23361
23362
23363
23365
23366
23367
23368
23369
23370
23371
23373
23376
23378
23379
23381
23382
23383
23384
23385
23386
23387
23389
23390
23392
23394
23395
23396
23397
23398
23399
23400
23401
23404
23405
23406
23408
23409
23410
23411
23412
23413
23414
23415
23417
23418
23421
23423
23424
23428
23429
23430
23431
23432
23433
23434
23435
23436
23438
23439
23443
23446
23450
23451
23452
23457
23460
23461
23462
23463
23464
23466
23467
23468
23469
23471
23473
23474
23475
23476
23478
23479
23480
23481
23483
23484
23492
23493
23495
23498
23499
23500
23503
23504
23505
23506
23507
23509
23510
23511
23512
23513
23514
23515
23516
23517
23518
23519
23520
23522
23523
23524
23527
23528
23529
23530
23531
23532
23533
23534
23536
23538
23539
23541
23542
23543
23544
23545
23546
23547
23548
23549
23550
23552
23553
23554
23555
23556
23558
23560
23562
23563
23564
23566
23568
23569
23576
23580
23583
23585
23586
23587
23588
23589
23590
23592
23593
23594
23595
23596
23597
23598
23600
23601
23603
23604
23607
23608
23609
23612
23613
23614
23615
23616
23617
23620
23621
23623
23624
23625
23626
23627
23629
23630
23632
23633
23635
23636
23637
23639
23640
23641
23643
23644
23645
23646
23647
23648
23649
23650
23654
23657
23658
23659
23660
23670
23673
23676
23677
23682
23683
23704
23705
23708
23710
23729
23732
23741
23742
23743
23746
23753
23759
23760
23762
23764
23765
23767
23769
23770
23774
23780
23786
23787
23788
24137
24138
24140
24141
24142
24144
24145
24146
24147
24148
24149
25758
25759
25763
25769
25770
25771
25774
25776
25777
25778
25780
25788
25789
25792
25793
25794
25796
25797
25799
25800
25801
25802
25803
25804
25805
25806
25807
25809
25813
25814
25816
25818
25819
25820
25821
25822
25823
25825
25827
25828
25829
25830
25833
25834
25836
25837
25839
25840
25841
25842
25843
25844
25847
25849
25850
25852
25854
25855
25861
25862
25865
25873
25874
25875
25876
25878
25879
25880
25888
25890
25891
25893
25895
25896
25897
25898
25900
25901
25903
25906
25907
25909
25913
25915
25920
25924
25926
25928
25932
25936
25937
25939
25940
25941
25945
25948
25949
25950
25956
25957
25959
25960
25961
25963
25966
25970
25972
25974
25975
25976
25977
25978
25979
25980
25983
25984
25987
25988
25992
25994
25996
25998
25999
26000
26001
26002
26003
26005
26007
26009
26010
26013
26015
26018
26019
26020
26027
26030
26031
26032
26033
26034
26035
26036
26037
26038
26039
26040
26043
26045
26046
26047
26048
26050
26051
26052
26053
26054
26056
26057
26058
26059
26060
26063
26064
26065
26071
26073
26083
26084
26085
26088
26091
26092
26093
26094
26095
26097
26098
26099
26100
26103
26108
26112
26118
26119
26121
26123
26128
26130
26133
26135
26136
26137
26138
26145
26146
26148
26150
26151
26152
26154
26155
26156
26168
26184
26189
26190
26191
26205
26206
26207
26211
26212
26220
26227
26228
26229
26230
26232
26233
26234
26235
26239
26240
26249
26251
26253
26255
26256
26257
26261
26263
26266
26268
26271
26272
26273
26275
26276
26277
26278
26279
26280
26281
26284
26285
26286
26287
26289
26290
26291
26297
26298
26330
26333
26353
26355
26468
26469
26470
26471
26472
26476
26499
26502
26503
26504
26505
26507
26508
26509
26511
26512
26515
26517
26519
26520
26521
26523
26525
26528
26529
26531
26532
26538
26539
26548
26574
26575
26576
26577
26578
26585
26586
26589
26608
26610
26648
26658
26659
26692
26707
26716
26747
26750
26751
26872
26873
26952
26953
26959
26960
26973
26984
26986
26993
26994
26998
26999
27000
27004
27005
27006
27010
27012
27013
27018
27019
27020
27022
27023
27030
27032
27033
27034
27035
27036
27037
27039
27040
27042
27043
27044
27063
27065
27067
27068
27069
27071
27072
27074
27075
27076
27077
27079
27087
27089
27090
27091
27092
27094
27095
27097
27098
27099
27101
27102
27107
27109
27112
27115
27120
27121
27122
27123
27124
27125
27128
27129
27130
27131
27132
27134
27136
27141
27147
27156
27158
27159
27163
27165
27173
27175
27178
27179
27180
27181
27183
27185
27190
27202
27229
27230
27231
27232
27235
27236
27237
27238
27239
27240
27241
27242
27243
27244
27245
27246
27247
27249
27252
27253
27254
27255
27257
27258
27284
27285
27286
27287
27288
27289
27290
27291
27292
27293
27295
27296
27297
27299
27300
27301
27302
27303
27304
27306
27309
27314
27315
27324
27328
27329
27330
27333
27334
27335
27336
27338
27339
27340
27341
27343
27344
27345
27346
27347
27348
27349
27350
27351
27352
27429
27430
27434
27436
27440
28231
28232
28234
28316
28511
28513
28951
28952
28954
28955
28956
28957
28958
28959
28960
28962
28964
28965
28966
28968
28969
28971
28972
28973
28974
28977
28978
28981
28983
28984
28985
28986
28990
28992
28996
28998
28999
29015
29018
29028
29034
29044
29058
29062
29063
29066
29068
29071
29072
29074
29075
29078
29079
29080
29081
29083
29086
29087
29088
29091
29093
29094
29095
29097
29098
29099
29100
29102
29103
29104
29105
29106
29107
29108
29109
29110
29113
29114
29115
29116
29117
29118
29119
29121
29122
29123
29124
29127
29760
29761
29763
29766
29767
29774
29775
29777
29780
29781
29789
29796
29798
29799
29802
29803
29842
29844
29851
29855
29880
29881
29882
29883
29887
29888
29889
29890
29893
29894
29895
29896
29899
29901
29902
29903
29906
29907
29909
29911
29914
29915
29916
29919
29922
29923
29924
29926
29927
29928
29929
29930
29931
29933
29935
29937
29940
29942
29943
29944
29946
29947
29948
29949
29951
29953
29954
29956
29957
29959
29960
29965
29966
29967
29968
29969
29974
29978
29980
29984
29986
29988
29991
29992
29994
29995
29998
29999
30000
30001
30008
30009
30012
30062
30811
30813
30814
30817
30819
30820
30827
30833
30835
30836
30837
30844
30845
30846
30848
30849
30850
30968
43847
43849
49855
49856
49860
50485
50486
50487
50488
50489
50506
50507
50508
50509
50512
50514
50515
50613
50615
50616
50617
50618
50619
50624
50626
50628
50632
50649
50650
50674
50700
50804
50805
50807
50809
50810
50813
50814
50831
50832
50833
50834
50835
50836
50837
50838
50839
50840
50848
50852
50853
50854
50855
50856
50859
50862
50865
50937
50939
50940
50943
50944
50999
51001
51002
51003
51004
51006
51008
51009
51011
51012
51013
51015
51016
51018
51019
51020
51021
51022
51023
51024
51025
51026
51027
51029
51030
51031
51032
51035
51042
51043
51046
51050
51052
51053
51056
51063
51065
51066
51067
51068
51069
51070
51071
51073
51074
51075
51076
51077
51078
51079
51081
51082
51083
51084
51085
51087
51090
51092
51093
51094
51096
51097
51098
51099
51100
51101
51102
51103
51104
51105
51106
51107
51108
51109
51110
51111
51112
51115
51116
51118
51121
51123
51124
51125
51127
51128
51129
51131
51133
51134
51135
51136
51138
51141
51142
51143
51144
51145
51146
51147
51149
51150
51151
51152
51154
51155
51156
51157
51160
51161
51162
51163
51164
51167
51168
51170
51171
51172
51174
51176
51177
51179
51181
51182
51184
51185
51186
51187
51188
51191
51192
51193
51195
51196
51198
51199
51200
51203
51204
51205
51206
51207
51208
51213
51214
51218
51222
51224
51226
51227
51228
51230
51231
51233
51236
51237
51257
51265
51266
51267
51268
51270
51271
51272
51274
51275
51276
51278
51279
51280
51281
51282
51283
51284
51285
51286
51287
51289
51290
51291
51292
51293
51294
51295
51296
51297
51298
51299
51302
51303
51304
51306
51307
51308
51309
51310
51311
51312
51313
51314
51315
51316
51317
51318
51319
51320
51321
51322
51324
51327
51329
51330
51332
51333
51334
51335
51337
51338
51339
51340
51341
51343
51347
51348
51350
51352
51360
51361
51362
51363
51364
51365
51366
51367
51368
51371
51372
51373
51374
51375
51377
51378
51379
51380
51382
51384
51385
51386
51388
51389
51393
51397
51398
51400
51406
51409
51411
51412
51421
51422
51427
51428
51430
51433
51435
51438
51439
51440
51441
51442
51444
51447
51449
51450
51451
51454
51455
51458
51460
51465
51466
51471
51474
51475
51477
51478
51479
51480
51490
51491
51493
51495
51497
51499
51501
51504
51506
51507
51510
51512
51513
51514
51517
51520
51526
51531
51533
51540
51542
51547
51548
51550
51552
51554
51555
51557
51559
51560
51561
51562
51564
51566
51567
51569
51571
51573
51574
51575
51582
51585
51586
51588
51592
51593
51594
51596
51599
51601
51603
51604
51606
51611
51614
51616
51617
51619
51621
51622
51626
51634
51635
51637
51642
51643
51646
51647
51650
51651
51654
51657
51659
51660
51663
51665
51666
51668
51669
51673
51678
51686
51690
51691
51693
51696
51700
51701
51702
51703
51704
51705
51706
51714
51715
51716
51719
51720
51725
51727
51728
51729
51733
51734
51735
51741
51742
51744
51747
51750
51751
51752
51754
51755
51759
51760
51761
51762
51763
51764
51765
51768
51773
51776
51778
51780
51805
51806
51807
51809
51816
53335
53339
53340
53343
53345
53346
53347
53353
53358
53371
53373
53405
53407
53615
53616
53630
53635
53637
53820
53822
53826
53827
53829
53832
53836
53838
53841
53904
53905
53918
53919
53942
53944
53947
54014
54020
54039
54069
54093
54101
54103
54107
54112
54148
54149
54165
54187
54205
54207
54209
54210
54212
54221
54328
54329
54332
54344
54345
54346
54360
54361
54363
54386
54407
54413
54431
54432
54433
54434
54435
54436
54438
54440
54442
54453
54455
54457
54458
54462
54463
54465
54468
54469
54470
54471
54472
54474
54475
54476
54477
54478
54480
54482
54490
54491
54494
54496
54498
54499
54502
54503
54504
54505
54507
54508
54509
54512
54514
54516
54517
54518
54520
54521
54529
54531
54532
54535
54537
54538
54539
54541
54542
54544
54545
54546
54549
54550
54551
54552
54554
54555
54556
54558
54566
54581
54583
54584
54585
54587
54596
54606
54619
54622
54623
54626
54629
54661
54662
54663
54664
54665
54674
54676
54677
54680
54681
54682
54700
54704
54707
54708
54714
54715
54716
54718
54726
54732
54733
54737
54738
54739
54741
54752
54758
54762
54765
54766
54769
54777
54778
54780
54784
54785
54788
54793
54795
54796
54798
54799
54800
54801
54802
54805
54806
54807
54808
54809
54810
54811
54812
54813
54814
54815
54819
54820
54821
54825
54826
54827
54828
54829
54830
54831
54832
54834
54838
54839
54840
54842
54843
54845
54847
54848
54849
54850
54851
54852
54853
54854
54855
54856
54857
54858
54859
54860
54861
54862
54863
54865
54866
54867
54868
54869
54870
54872
54873
54874
54875
54876
54877
54878
54879
54880
54881
54883
54884
54885
54886
54891
54892
54893
54894
54896
54897
54898
54900
54901
54902
54903
54904
54905
54906
54908
54910
54913
54914
54915
54916
54918
54919
54920
54922
54923
54925
54927
54928
54929
54932
54934
54938
54939
54941
54942
54943
54946
54948
54951
54952
54953
54954
54955
54956
54957
54958
54959
54960
54961
54962
54963
54964
54967
54968
54969
54970
54971
54972
54974
54976
54977
54978
54979
54980
54981
54982
54985
54987
54988
54991
54993
54994
54995
54996
54997
54998
55000
55001
55002
55003
55005
55006
55007
55008
55009
55010
55011
55012
55013
55014
55015
55016
55020
55022
55023
55024
55025
55026
55027
55028
55030
55031
55032
55033
55034
55035
55036
55037
55038
55039
55040
55041
55048
55049
55051
55052
55054
55055
55057
55061
55062
55063
55064
55065
55066
55068
55069
55070
55071
55074
55076
55079
55080
55081
55082
55083
55084
55086
55088
55089
55090
55092
55093
55094
55095
55096
55100
55101
55102
55103
55105
55106
55107
55108
55109
55110
55112
55113
55114
55116
55117
55118
55119
55120
55124
55125
55127
55128
55129
55130
55131
55133
55135
55138
55139
55140
55142
55143
55144
55145
55146
55147
55148
55149
55150
55151
55152
55153
55156
55157
55159
55160
55161
55163
55164
55165
55166
55167
55168
55171
55172
55173
55175
55176
55177
55178
55179
55180
55181
55182
55184
55186
55187
55188
55190
55191
55192
55193
55194
55195
55196
55197
55198
55199
55200
55201
55203
55204
55205
55206
55207
55208
55209
55211
55212
55213
55214
55215
55216
55217
55218
55219
55220
55222
55223
55224
55225
55226
55227
55228
55229
55231
55233
55234
55236
55237
55238
55239
55240
55243
55244
55245
55246
55247
55248
55249
55251
55252
55253
55254
55255
55256
55257
55258
55259
55260
55262
55266
55267
55268
55269
55270
55272
55273
55274
55275
55277
55278
55279
55280
55281
55282
55283
55284
55285
55286
55287
55288
55289
55290
55291
55293
55294
55295
55296
55297
55298
55299
55301
55303
55304
55308
55311
55312
55313
55314
55315
55316
55317
55319
55320
55321
55322
55323
55324
55325
55326
55327
55328
55329
55332
55334
55335
55336
55337
55338
55341
55343
55344
55346
55347
55350
55351
55353
55355
55357
55359
55361
55364
55365
55366
55367
55374
55379
55384
55388
55421
55422
55423
55425
55432
55435
55450
55454
55466
55471
55486
55500
55501
55503
55505
55506
55507
55508
55509
55510
55511
55512
55515
55520
55521
55526
55532
55534
55539
55540
55544
55554
55556
55558
55559
55565
55567
55568
55573
55576
55577
55578
55584
55585
55589
55591
55592
55596
55601
55602
55603
55604
55607
55608
55610
55612
55614
55615
55616
55617
55619
55620
55621
55622
55623
55624
55625
55626
55628
55629
55630
55631
55633
55634
55635
55636
55638
55640
55644
55647
55650
55651
55652
55653
55654
55655
55656
55657
55658
55660
55661
55662
55663
55664
55665
55666
55667
55668
55669
55670
55671
55672
55679
55680
55681
55683
55684
55686
55687
55689
55690
55691
55692
55693
55695
55696
55697
55699
55700
55701
55702
55703
55704
55705
55706
55707
55709
55711
55713
55714
55715
55716
55717
55719
55720
55721
55722
55723
55726
55727
55729
55731
55732
55733
55734
55735
55737
55738
55739
55740
55741
55742
55743
55744
55745
55746
55748
55750
55751
55752
55753
55754
55755
55756
55757
55758
55759
55760
55761
55762
55763
55764
55765
55766
55768
55769
55770
55771
55775
55776
55777
55778
55779
55781
55784
55785
55786
55787
55788
55790
55791
55793
55794
55795
55796
55798
55799
55800
55801
55802
55803
55805
55806
55810
55811
55812
55813
55815
55816
55818
55819
55821
55823
55825
55827
55830
55832
55833
55835
55837
55839
55840
55841
55844
55846
55847
55848
55850
55851
55852
55853
55854
55856
55857
55858
55859
55860
55862
55863
55867
55870
55872
55876
55879
55884
55885
55888
55890
55891
55892
55893
55898
55900
55905
55906
55907
55908
55909
55911
55914
55915
55916
55922
55930
55937
55954
55957
55958
55966
55968
55970
55972
55973
55974
55975
56000
56006
56033
56034
56061
56062
56100
56107
56112
56123
56124
56125
56128
56130
56143
56154
56155
56156
56157
56158
56159
56163
56165
56171
56172
56180
56242
56244
56245
56253
56255
56257
56259
56260
56267
56269
56270
56271
56287
56288
56300
56301
56302
56311
56339
56341
56344
56413
56474
56475
56478
56521
56547
56548
56603
56605
56606
56616
56623
56647
56648
56649
56650
56652
56654
56656
56659
56660
56667
56672
56673
56674
56675
56676
56681
56683
56729
56731
56829
56833
56834
56848
56851
56882
56886
56888
56889
56890
56891
56892
56893
56894
56895
56897
56898
56899
56901
56902
56903
56904
56905
56906
56910
56911
56912
56913
56914
56915
56918
56920
56922
56924
56925
56928
56929
56934
56935
56936
56937
56938
56940
56941
56942
56943
56944
56945
56946
56947
56948
56949
56950
56951
56953
56954
56955
56965
56967
56969
56978
56979
56980
56981
56983
56984
56985
56986
56987
56992
56993
56994
56995
56996
56997
56998
56999
57000
57001
57003
57007
57016
57017
57018
57019
57020
57030
57037
57038
57045
57047
57050
57051
57053
57060
57062
57082
57084
57088
57089
57091
57092
57096
57097
57099
57101
57102
57103
57104
57105
57107
57109
57110
57111
57113
57115
57117
57118
57122
57124
57125
57126
57127
57128
57130
57132
57134
57136
57140
57142
57144
57146
57147
57148
57149
57150
57151
57152
57154
57157
57158
57161
57162
57165
57171
57172
57175
57178
57180
57185
57187
57188
57191
57192
57194
57198
57205
57209
57211
57212
57213
57214
57215
57223
57226
57228
57282
57292
57326
57332
57333
57335
57336
57337
57338
57343
57348
57369
57379
57380
57396
57399
57402
57403
57404
57405
57406
57408
57415
57418
57419
57446
57447
57460
57466
57468
57470
57472
57473
57493
57496
57498
57502
57506
57509
57513
57515
57535
57538
57551
57553
57556
57559
57570
57572
57573
57576
57579
57586
57591
57596
57599
57602
57608
57610
57613
57626
57634
57644
57645
57658
57663
57664
57669
57680
57698
57706
57707
57710
57711
57715
57716
57718
57720
57728
57730
57731
57733
57758
57761
57763
57787
57794
57795
57798
57799
57804
57805
57817
57818
57819
57820
57821
57823
57824
57826
57827
57828
57830
57834
57835
57863
57876
58155
58157
58158
58189
58190
58472
58473
58477
58478
58483
58486
58487
58488
58494
58495
58497
58498
58500
58503
58504
58510
58511
58513
58517
58526
58528
58529
58533
58985
58986
59067
59269
59272
59286
59307
59335
59336
59338
59339
59340
59341
59342
59343
59344
59347
59348
59349
59351
59353
60312
60313
60314
60343
60370
60385
60401
60436
60468
60481
60482
60484
60485
60487
60488
60489
60490
60491
60492
60493
60494
60495
60496
60506
60509
60526
60528
60529
60558
60559
60560
60561
60598
60625
60672
60673
60676
60681
60682
60684
60685
60686
63035
63826
63827
63874
63875
63876
63877
63891
63892
63893
63894
63895
63897
63898
63899
63901
63904
63906
63910
63916
63917
63920
63923
63924
63925
63926
63928
63929
63931
63932
63934
63935
63940
63941
63943
63967
63970
63971
63973
63974
63976
63978
63982
64061
64062
64063
64064
64065
64066
64067
64077
64078
64080
64081
64083
64084
64087
64089
64091
64092
64096
64097
64100
64102
64106
64108
64109
64110
64111
64112
64116
64118
64121
64122
64127
64129
64130
64131
64132
64135
64137
64149
64151
64167
64172
64174
64175
64180
64184
64208
64210
64211
64215
64216
64218
64219
64220
64221
64222
64223
64231
64232
64236
64240
64283
64284
64285
64288
64318
64319
64320
64321
64324
64328
64342
64343
64344
64359
64374
64375
64376
64377
64386
64388
64393
64395
64397
64398
64400
64405
64410
64411
64417
64418
64419
64421
64422
64423
64425
64427
64428
64429
64430
64431
64446
64506
64577
64579
64581
64582
64595
64598
64600
64601
64641
64689
64693
64699
64708
64710
64714
64718
64743
64745
64746
64747
64748
64750
64754
64755
64757
64759
64760
64761
64762
64763
64764
64766
64768
64769
64771
64772
64776
64777
64779
64780
64781
64782
64783
64785
64786
64787
64788
64789
64792
64793
64794
64795
64798
64799
64800
64806
64816
64837
64838
64840
64844
64847
64848
64849
64850
64852
64854
64856
64858
64859
64860
64863
64864
64866
64895
64897
64901
64919
64921
64922
64924
64925
64927
64940
64943
64960
64963
64975
64976
64981
65003
65005
65009
65012
65018
65055
65057
65080
65082
65083
65084
65094
65095
65108
65109
65110
65117
65123
65124
65125
65220
65243
65244
65250
65258
65260
65263
65264
65265
65979
65980
65981
65982
65983
65985
65986
65988
65989
65990
65992
65993
65996
65997
65998
65999
66002
66008
66035
66036
78986
78987
78988
78989
78990
78991
78992
78994
78995
78996
78997
78998
78999
79000
79001
79003
79004
79006
79007
79009
79012
79016
79017
79018
79019
79022
79023
79025
79026
79029
79033
79034
79035
79036
79037
79038
79039
79042
79047
79048
79050
79053
79054
79056
79057
79058
79064
79065
79068
79070
79071
79072
79073
79074
79075
79077
79078
79080
79083
79084
79085
79086
79087
79088
79089
79090
79091
79092
79094
79095
79096
79098
79101
79109
79132
79133
79134
79135
79137
79139
79140
79143
79144
79145
79147
79148
79149
79152
79153
79154
79155
79156
79157
79158
79159
79160
79161
79166
79169
79170
79171
79172
79173
79174
79175
79176
79177
79178
79180
79183
79184
79187
79188
79228
79230
79363
79364
79365
79366
79368
79369
79370
79400
79411
79412
79413
79414
79415
79441
79442
79443
79444
79446
79447
79567
79568
79570
79571
79572
79573
79574
79575
79577
79581
79582
79583
79585
79586
79587
79589
79590
79591
79594
79595
79596
79598
79600
79602
79603
79605
79608
79609
79611
79612
79616
79618
79621
79622
79623
79624
79625
79627
79628
79629
79630
79631
79632
79634
79635
79637
79639
79640
79641
79642
79643
79644
79645
79646
79647
79648
79649
79650
79651
79652
79654
79656
79657
79658
79659
79663
79664
79665
79666
79668
79669
79670
79671
79672
79673
79675
79676
79677
79679
79682
79683
79684
79685
79689
79690
79691
79693
79694
79695
79696
79697
79701
79703
79705
79707
79709
79710
79711
79712
79713
79714
79716
79717
79718
79720
79722
79723
79725
79726
79727
79728
79729
79730
79731
79733
79734
79735
79736
79738
79739
79740
79741
79742
79744
79745
79746
79747
79748
79750
79751
79752
79753
79754
79755
79758
79759
79760
79762
79763
79767
79768
79770
79772
79774
79776
79777
79778
79780
79781
79782
79783
79784
79786
79788
79789
79791
79792
79794
79796
79797
79799
79800
79801
79802
79803
79805
79807
79810
79811
79812
79813
79814
79815
79816
79817
79818
79819
79820
79822
79823
79825
79828
79829
79830
79831
79832
79833
79834
79836
79837
79838
79839
79841
79842
79843
79845
79846
79847
79848
79849
79850
79852
79853
79854
79857
79858
79861
79862
79863
79864
79865
79866
79867
79868
79869
79870
79871
79872
79873
79874
79875
79876
79877
79879
79882
79883
79884
79885
79886
79887
79888
79890
79891
79892
79893
79894
79895
79896
79898
79899
79901
79902
79903
79905
79906
79908
79913
79915
79917
79918
79919
79921
79922
79923
79924
79927
79929
79930
79931
79932
79933
79934
79935
79939
79943
79944
79946
79947
79948
79949
79953
79954
79955
79956
79957
79958
79959
79960
79961
79962
79963
79966
79968
79969
79970
79971
79973
79974
79977
79979
79980
79981
79982
79983
79986
79987
79989
79990
79991
79998
80000
80003
80005
80006
80007
80008
80010
80011
80012
80013
80017
80019
80020
80021
80022
80023
80024
80025
80028
80031
80032
80034
80035
80036
80039
80045
80052
80055
80059
80063
80067
80069
80070
80071
80094
80095
80097
80099
80108
80110
80111
80114
80115
80117
80122
80124
80127
80128
80129
80131
80133
80135
80142
80143
80144
80145
80146
80148
80150
80152
80153
80155
80157
80161
80162
80164
80167
80168
80169
80173
80174
80176
80177
80178
80179
80183
80184
80185
80194
80195
80196
80198
80199
80201
80204
80205
80206
80207
80208
80209
80210
80212
80213
80216
80217
80218
80219
80221
80223
80224
80227
80228
80230
80231
80232
80233
80235
80237
80243
80254
80255
80256
80258
80262
80263
80264
80267
80271
80273
80279
80301
80303
80304
80305
80306
80307
80308
80310
80316
80317
80319
80321
80323
80324
80329
80335
80339
80342
80344
80345
80346
80347
80349
80350
80351
80352
80380
80704
80705
80723
80724
80736
80737
80739
80740
80741
80742
80745
80746
80757
80758
80760
80761
80762
80763
80764
80765
80772
80774
80775
80776
80777
80778
80781
80789
80816
80823
80830
80831
80833
80852
80868
80895
80896
80975
81027
81029
81030
81031
81033
81034
81035
81285
81490
81491
81492
81493
81494
81501
81533
81537
81539
81542
81543
81544
81545
81550
81551
81552
81553
81554
81555
81556
81558
81562
81563
81565
81566
81569
81570
81575
81576
81577
81578
81579
81602
81603
81605
81606
81608
81609
81611
81614
81616
81617
81618
81619
81620
81621
81622
81623
81624
81626
81627
81628
81631
81669
81688
81689
81691
81693
81697
81698
81789
81790
81792
81796
81797
81831
81833
81839
81847
81848
81849
81850
81853
81855
81857
81858
81873
81875
81876
81887
81888
81890
81892
81894
81926
81929
81930
81931
81932
83394
83439
83440
83442
83443
83444
83445
83446
83447
83448
83449
83450
83451
83452
83460
83461
83463
83464
83468
83475
83478
83480
83481
83482
83483
83604
83637
83638
83658
83660
83696
83700
83714
83715
83716
83729
83734
83737
83743
83744
83759
83786
83937
83941
83942
83955
83988
83989
83990
84033
84034
84059
84060
84061
84065
84079
84107
84124
84148
84159
84162
84164
84168
84172
84179
84193
84196
84223
84243
84263
84268
84271
84272
84288
84296
84298
84302
84364
84436
84444
84516
84525
84549
84560
84561
84612
84617
84619
84656
84658
84669
84679
84705
84719
84720
84722
84733
84747
84759
84779
84790
84804
84809
84818
84823
84830
84851
84859
84861
84864
84869
84890
84898
84900
84901
84909
84914
84928
84934
84939
84942
84951
84975
84986
84991
85021
85236
85352
85360
85363
85377
85446
85452
85453
85458
85476
85477
89781
89795
89797
89845
89853
89870
89874
89910
89927
89941
89944
90011
90121
90141
90199
90204
90233
90273
90333
90338
90355
90362
90379
90411
90480
90485
90522
90586
90627
90634
90665
90806
90861
90864
90865
90956
90957
90993
91120
91137
91227
91289
91298
91300
91304
91353
91355
91369
91373
91442
91543
91646
91647
91683
91694
91746
91752
91754
91775
91782
91807
91851
91860
91949
91977
92086
92104
92140
92154
92170
92211
92335
92342
92346
92483
92552
92579
92595
92609
92689
92815
92822
92856
93081
93129
93164
93210
93349
93408
93436
93487
93594
93643
93664
93973
93974
94025
94081
94104
94134
94239
95681
96764
103910
112399
112464
112479
112611
112869
112950
113146
113177
113178
113251
113419
113612
113791
113835
114034
114044
114049
114088
114327
114548
114625
114758
114791
114818
114819
114825
114876
114881
114882
114883
114884
114885
114897
114899
114908
114932
115123
115201
115207
115290
115353
115653
115703
115708
115817
115939
116039
116138
116228
116285
116372
116496
116832
116985
116986
116987
117153
117178
117246
117247
118491
118987
120227
120526
122616
122704
123803
123872
124044
124152
124222
124565
124583
124801
125058
126017
126070
126208
126231
126299
126321
126353
126393
127534
127544
127703
127833
128553
128872
129025
129080
129642
130074
130814
130872
130916
131408
131544
131566
131578
131601
133619
135138
138046
138050
138151
138162
139081
139322
140290
140459
140460
140461
140462
140465
140467
140545
140578
140597
140609
140710
140801
140803
140883
140885
140890
144699
145389
146057
146542
146562
146691
146712
146754
146909
147172
147179
147339
147657
147841
147912
148022
148066
148229
148753
149041
149076
149111
149603
149628
149986
150094
150160
150244
150759
151011
151050
151987
152006
152015
152185
152559
152992
154661
154796
155060
155066
155400
157567
157680
157697
157869
157922
158471
158747
159963
160518
160851
161291
162427
162972
163131
163486
163590
164656
166614
166647
167227
168544
169611
170679
170680
170960
171017
171023
171392
171546
171558
171586
191585
192286
192666
192669
192670
192683
196403
196441
196483
196740
196743
199731
199870
200081
200205
200316
200424
200576
200734
201134
201163
201191
201229
201254
201501
201562
201626
201895
202018
202181
202559
203068
203069
203197
204851
205564
206358
219333
219595
219654
219699
219899
220134
220594
220965
220972
220988
221037
221061
221078
221092
221154
221395
221443
221472
221692
221749
221823
221830
221960
221981
222161
222255
222487
222658
222663
223117
245812
246126
246243
253143
253190
253461
253512
253782
253943
253959
253980
253982
254359
254394
254531
255057
255926
256051
256364
256949
256987
259173
259197
259217
259230
259266
261726
261734
266629
266977
283212
283232
283298
283459
283491
283537
283638
283871
284001
284021
284119
284217
284266
284361
284403
284439
284443
284649
284904
285203
285282
285527
285596
285672
285755
285830
286148
286205
286451
317781
338645
339105
339229
339479
339524
342096
342538
343071
343990
347088
347344
347733
347735
347853
347902
348110
348995
349152
353189
353299
353500
353514
373156
373863
374286
374291
374354
374655
374819
374868
374977
375035
375056
375057
375346
375449
375790
376267
387032
387263
387509
387751
387893
388677
388886
388969
389136
389677
389856
389898
390502
390892
399664
399665
399818
399979
400451
400506
400961
402055
404093
404672
414777
414918
439921
440026
440073
440348
440352
440387
440738
440915
441024
441273
441601
442194
442421
445347
474170
474344
541578
553115
594855
643314
643641
644096
644128
645745
645784
653361
653483
727800
727897
728215
728621
729164
752014