2
9
10
12
13
14
15
16
18
19
20
21
22
23
24
25
26
27
28
29
30
31
32
33
34
35
36
37
38
39
40
41
43
47
48
49
50
51
52
53
54
55
56
58
59
60
70
72
81
86
87
88
89
90
91
92
93
94
97
100
101
102
103
104
105
107
108
109
112
113
114
115
116
117
118
119
120
123
124
126
128
130
131
132
133
134
136
140
141
142
143
146
147
148
150
151
152
153
154
155
156
157
158
159
161
162
163
164
165
166
167
173
174
175
176
177
178
181
182
183
185
186
187
189
190
191
196
197
199
202
203
204
207
208
210
211
212
213
214
215
216
217
218
219
220
221
222
223
224
225
226
229
230
231
238
239
240
241
242
245
246
247
248
249
250
251
257
258
259
262
265
266
267
269
270
271
272
273
274
275
283
284
285
286
287
288
290
291
292
301
302
303
305
306
307
308
309
310
311
312
313
314
316
317
318
319
320
321
322
323
324
325
326
327
328
329
330
331
332
333
334
335
336
337
338
339
341
343
345
347
348
350
351
353
354
355
356
357
358
359
360
361
362
363
366
367
369
372
373
374
377
378
379
381
382
383
384
387
388
389
390
391
392
393
394
395
396
397
398
399
400
401
402
403
405
406
407
408
409
410
411
412
414
415
416
417
419
420
421
427
429
430
432
433
434
435
438
439
440
443
444
445
460
462
463
466
467
468
471
472
473
474
475
476
477
479
481
482
483
486
487
488
489
490
491
492
493
495
496
498
501
506
509
513
515
516
517
518
521
522
523
525
526
527
528
529
533
534
535
537
539
540
545
546
547
549
550
551
552
553
554
558
563
566
567
570
571
572
573
574
575
576
577
578
579
580
581
582
585
586
587
590
593
594
595
596
597
598
599
604
605
607
608
610
611
613
617
622
623
624
627
629
631
633
634
635
636
637
638
639
640
641
642
643
644
645
646
649
650
651
652
653
654
655
656
657
658
659
660
661
662
663
664
665
667
668
669
670
672
675
676
677
678
680
682
683
684
685
686
687
688
689
694
695
696
699
701
705
706
708
710
712
713
715
716
717
718
719
722
725
726
727
728
729
730
731
732
733
734
735
738
740
741
744
745
746
747
750
752
753
754
755
757
758
759
760
761
762
763
765
766
767
768
770
771
774
775
776
777
778
779
781
782
783
784
785
786
788
790
793
794
795
796
799
800
801
810
811
813
814
815
816
818
819
820
821
822
823
824
825
826
829
830
831
832
833
834
835
836
837
838
839
840
841
842
843
844
845
846
847
857
858
859
860
862
863
864
865
866
867
868
869
871
873
874
875
881
883
885
886
887
889
890
891
892
894
896
898
899
900
901
902
904
905
908
909
910
911
912
913
914
915
916
917
919
920
921
922
923
924
925
928
929
930
931
932
933
939
940
941
942
943
944
945
946
947
948
949
950
951
952
953
954
955
956
957
958
959
960
961
962
963
965
966
967
969
970
971
972
973
974
975
976
977
978
983
987
988
989
990
991
993
994
995
996
997
998
999
1000
1001
1002
1003
1004
1005
1006
1007
1008
1009
1010
1012
1013
1014
1015
1016
1017
1019
1020
1021
1022
1024
1025
1026
1027
1028
1029
1030
1031
1032
1033
1036
1038
1040
1041
1043
1044
1045
1046
1047
1048
1050
1051
1052
1053
1054
1056
1058
1059
1060
1062
1063
1068
1069
1070
1071
1072
1075
1080
1081
1084
1087
1088
1089
1101
1102
1103
1104
1105
1106
1107
1108
1109
1111
1112
1113
1114
1116
1117
1119
1120
1121
1122
1123
1124
1129
1130
1132
1133
1134
1135
1136
1137
1138
1140
1141
1142
1144
1145
1146
1147
1149
1152
1153
1154
1155
1158
1160
1161
1163
1164
1173
1174
1175
1176
1178
1179
1180
1181
1182
1183
1184
1185
1186
1188
1191
1192
1193
1195
1196
1198
1200
1201
1203
1207
1208
1209
1211
1212
1213
1215
1230
1232
1233
1234
1235
1236
1237
1238
1240
1241
1244
1258
1259
1261
1263
1264
1265
1266
1267
1268
1269
1271
1272
1277
1278
1280
1281
1282
1284
1285
1286
1287
1288
1289
1290
1291
1292
1293
1294
1295
1296
1297
1298
1299
1300
1301
1302
1305
1306
1307
1308
1310
1311
1312
1314
1315
1316
1317
1318
1325
1326
1327
1329
1337
1339
1340
1345
1346
1347
1349
1350
1351
1352
1353
1355
1356
1357
1358
1359
1360
1361
1362
1363
1364
1365
1366
1368
1369
1370
1373
1374
1376
1378
1380
1381
1382
1384
1385
1386
1387
1388
1389
1390
1392
1393
1394
1395
1396
1397
1398
1399
1400
1401
1404
1406
1407
1408
1409
1410
1411
1412
1413
1414
1415
1417
1418
1419
1420
1421
1428
1429
1431
1432
1434
1435
1436
1437
1438
1439
1440
1441
1442
1444
1445
1446
1447
1448
1452
1453
1454
1455
1456
1457
1459
1460
1462
1463
1464
1465
1466
1468
1469
1470
1471
1473
1474
1475
1476
1477
1478
1479
1482
1486
1487
1488
1489
1490
1491
1493
1495
1496
1497
1499
1501
1503
1506
1508
1509
1510
1511
1512
1513
1514
1515
1519
1520
1521
1522
1523
1524
1525
1527
1528
1534
1535
1536
1537
1538
1539
1540
1543
1544
1545
1548
1549
1553
1555
1557
1558
1559
1562
1565
1571
1572
1573
1576
1577
1579
1580
1581
1583
1584
1585
1586
1588
1591
1592
1593
1594
1600
1602
1603
1604
1605
1606
1607
1608
1609
1610
1611
1612
1615
1616
1618
1620
1621
1622
1627
1628
1629
1630
1632
1633
1634
1635
1636
1638
1639
1641
1642
1643
1644
1645
1647
1649
1650
1653
1654
1656
1657
1659
1660
1662
1663
1665
1666
1669
1670
1671
1672
1674
1675
1676
1677
1678
1687
1690
1716
1717
1718
1719
1723
1725
1727
1728
1729
1730
1733
1734
1735
1737
1738
1739
1740
1741
1742
1743
1746
1748
1749
1750
1755
1756
1757
1758
1759
1760
1761
1762
1763
1770
1773
1774
1775
1776
1777
1778
1780
1781
1783
1785
1786
1787
1788
1789
1791
1793
1794
1795
1796
1797
1798
1800
1802
1803
1804
1805
1806
1807
1808
1809
1810
1811
1812
1813
1814
1815
1816
1819
1820
1821
1822
1823
1824
1825
1826
1827
1828
1829
1830
1831
1832
1833
1834
1836
1837
1838
1839
1841
1842
1843
1844
1845
1846
1847
1848
1849
1852
1854
1855
1856
1857
1859
1861
1869
1870
1871
1874
1875
1876
1877
1880
1889
1890
1891
1892
1893
1894
1896
1901
1902
1906
1907
1908
1909
1910
1911
1912
1915
1917
1936
1938
1939
1942
1943
1944
1945
1946
1947
1948
1949
1950
1951
1952
1954
1956
1958
1959
1960
1961
1962
1964
1965
1967
1968
1969
1975
1977
1978
1979
1981
1982
1983
1984
1991
1992
1993
1994
1995
1996
1997
1998
1999
2000
2001
2002
2004
2005
2006
2009
2010
2011
2012
2013
2014
2015
2016
2017
2018
2019
2020
2021
2022
2023
2026
2027
2028
2029
2030
2033
2034
2035
2036
2037
2038
2039
2040
2041
2042
2043
2044
2045
2047
2048
2049
2050
2051
2052
2053
2054
2055
2056
2057
2058
2059
2060
2063
2064
2065
2066
2067
2068
2069
2070
2071
2072
2073
2074
2077
2078
2079
2081
2091
2098
2099
2100
2101
2103
2104
2107
2108
2109
2110
2113
2114
2115
2117
2118
2119
2120
2121
2122
2123
2124
2125
2128
2130
2131
2132
2134
2135
2137
2138
2139
2140
2145
2146
2149
2150
2151
2152
2153
2155
2157
2158
2159
2160
2161
2162
2165
2166
2167
2168
2169
2170
2171
2172
2173
2175
2176
2178
2180
2181
2182
2184
2185
2186
2188
2189
2191
2192
2193
2194
2195
2196
2197
2199
2200
2201
2202
2203
2204
2205
2206
2207
2208
2210
2212
2213
2215
2217
2218
2219
2220
2222
2224
2230
2232
2235
2237
2239
2241
2242
2243
2244
2245
2246
2247
2248
2249
2250
2251
2252
2253
2254
2257
2258
2259
2260
2261
2262
2263
2264
2266
2267
2268
2271
2272
2273
2274
2275
2281
2286
2287
2288
2289
2290
2294
2295
2296
2297
2299
2300
2301
2302
2303
2304
2305
2306
2308
2309
2312
2313
2314
2315
2316
2317
2318
2319
2321
2322
2323
2324
2326
2327
2328
2329
2330
2331
2332
2334
2335
2339
2346
2348
2350
2352
2353
2354
2355
2356
2357
2358
2359
2395
2444
2475
2487
2488
2491
2492
2494
2495
2512
2515
2516
2517
2520
2521
2523
2524
2525
2526
2527
2528
2529
2530
2531
2532
2533
2534
2535
2537
2538
2539
2542
2543
2547
2548
2549
2550
2551
2553
2554
2555
2556
2557
2558
2559
2560
2561
2562
2563
2566
2567
2568
2569
2570
2571
2572
2580
2581
2582
2583
2584
2585
2587
2588
2589
2590
2591
2592
2593
2596
2597
2615
2617
2618
2619
2620
2621
2622
2623
2624
2625
2626
2627
2628
2630
2631
2632
2633
2634
2637
2638
2639
2641
2642
2643
2644
2645
2646
2647
2648
2649
2650
2651
2658
2660
2661
2662
2664
2665
2668
2669
2670
2671
2672
2673
2674
2675
2676
2677
2683
2687
2688
2689
2690
2691
2692
2693
2694
2695
2696
2697
2700
2701
2702
2703
2705
2707
2709
2710
2712
2717
2719
2729
2730
2731
2733
2734
2735
2736
2737
2739
2740
2741
2742
2743
2744
2745
2746
2747
2752
2760
2762
2764
2765
2766
2767
2768
2769
2770
2771
2773
2774
2775
2776
2778
2779
2780
2781
2782
2783
2784
2785
2786
2787
2788
2790
2791
2792
2794
2796
2797
2798
2799
2800
2801
2802
2803
2804
2805
2806
2810
2811
2813
2814
2815
2817
2819
2820
2821
2822
2823
2824
2825
2826
2827
2828
2829
2830
2832
2833
2835
2838
2840
2841
2842
2843
2844
2845
2846
2847
2848
2850
2852
2853
2854
2859
2861
2862
2863
2867
2868
2869
2870
2872
2873
2874
2875
2876
2877
2878
2879
2880
2882
2885
2886
2887
2888
2889
2890
2891
2892
2893
2895
2896
2897
2898
2899
2900
2901
2902
2903
2904
2905
2906
2907
2908
2909
2911
2912
2913
2914
2915
2918
2919
2920
2921
2922
2923
2925
2926
2928
2931
2932
2934
2935
2936
2937
2938
2940
2941
2944
2946
2947
2948
2949
2950
2952
2953
2954
2956
2957
2958
2959
2960
2961
2962
2963
2965
2967
2968
2969
2972
2975
2976
2977
2978
2979
2980
2981
2982
2983
2984
2986
2987
2990
2992
2993
2994
2995
2996
2997
2998
2999
3000
3001
3002
3003
3004
3005
3006
3007
3008
3009
3010
3012
3014
3015
3017
3018
3020
3024
3026
3028
3029
3030
3032
3033
3034
3036
3037
3043
3044
3045
3046
3049
3050
3052
3053
3054
3055
3059
3060
3061
3062
3065
3066
3067
3068
3069
3070
3071
3073
3074
3075
3077
3080
3081
3082
3083
3084
3087
3090
3091
3092
3093
3094
3096
3097
3098
3099
3101
3104
3105
3106
3107
3108
3109
3110
3111
3112
3113
3115
3117
3119
3120
3122
3123
3126
3128
3131
3133
3134
3135
3140
3141
3142
3145
3146
3148
3149
3150
3151
3155
3156
3157
3158
3159
3161
3162
3163
3164
3166
3169
3170
3172
3174
3175
3176
3177
3178
3181
3182
3183
3184
3185
3187
3189
3190
3191
3192
3195
3196
3198
3199
3200
3201
3202
3203
3204
3206
3207
3208
3211
3212
3213
3215
3216
3217
3218
3219
3221
3222
3223
3224
3226
3227
3229
3231
3235
3236
3237
3238
3239
3240
3241
3242
3248
3249
3250
3251
3257
3263
3265
3267
3268
3269
3270
3273
3274
3275
3276
3280
3281
3283
3284
3290
3291
3292
3293
3294
3295
3297
3298
3299
3300
3301
3305
3306
3308
3309
3310
3313
3315
3316
3320
3321
3326
3329
3336
3337
3338
3339
3340
3344
3346
3347
3350
3351
3352
3354
3355
3356
3357
3358
3359
3360
3361
3362
3363
3364
3371
3373
3375
3376
3381
3382
3383
3384
3385
3386
3394
3396
3397
3398
3399
3400
3416
3417
3418
3419
3420
3421
3422
3423
3425
3426
3428
3429
3430
3431
3433
3434
3437
3440
3441
3442
3445
3446
3448
3452
3454
3455
3456
3458
3459
3460
3467
3475
3476
3479
3480
3482
3483
3484
3485
3486
3487
3488
3489
3490
3491
3508
3512
3516
3543
3547
3550
3551
3552
3553
3554
3556
3557
3558
3559
3560
3561
3562
3563
3565
3566
3567
3568
3569
3570
3572
3574
3575
3576
3577
3578
3579
3581
3586
3587
3588
3589
3590
3592
3593
3594
3595
3596
3597
3598
3600
3601
3603
3604
3605
3606
3607
3608
3609
3611
3612
3613
3614
3615
3617
3619
3620
3621
3622
3623
3624
3625
3626
3627
3628
3630
3631
3632
3633
3635
3636
3638
3640
3641
3642
3643
3645
3646
3651
3652
3654
3655
3658
3659
3660
3661
3662
3663
3664
3665
3667
3669
3670
3671
3672
3673
3674
3675
3676
3678
3679
3680
3682
3683
3684
3685
3687
3688
3689
3690
3691
3692
3693
3695
3696
3697
3698
3699
3700
3702
3703
3704
3705
3706
3707
3708
3709
3710
3712
3713
3714
3716
3717
3718
3720
3725
3726
3727
3728
3730
3732
3735
3736
3737
3738
3739
3741
3744
3745
3746
3747
3748
3749
3750
3751
3752
3753
3754
3755
3756
3757
3758
3759
3760
3761
3762
3763
3764
3765
3766
3769
3770
3772
3773
3775
3776
3777
3778
3779
3780
3781
3782
3783
3784
3785
3786
3787
3790
3791
3792
3795
3796
3797
3798
3799
3800
3801
3805
3806
3809
3811
3814
3815
3816
3817
3818
3820
3823
3824
3827
3831
3832
3833
3834
3836
3837
3838
3839
3840
3841
3842
3843
3845
3846
3848
3849
3850
3851
3852
3854
3855
3856
3857
3858
3859
3860
3861
3866
3868
3875
3880
3882
3883
3884
3886
3887
3889
3890
3891
3895
3897
3898
3899
3902
3903
3904
3906
3908
3909
3910
3911
3912
3913
3914
3915
3916
3918
3920
3925
3927
3929
3930
3931
3932
3933
3934
3936
3937
3938
3939
3945
3948
3949
3950
3952
3954
3955
3956
3957
3958
3959
3960
3964
3965
3973
3975
3976
3977
3978
3980
3981
3982
3983
3984
3985
3988
3990
3991
3993
3995
3996
3998
4000
4001
4004
4005
4007
4008
4010
4012
4013
4014
4015
4016
4017
4018
4023
4025
4026
4033
4035
4036
4037
4038
4040
4041
4043
4045
4046
4047
4049
4050
4051
4052
4054
4055
4056
4057
4058
4059
4060
4061
4062
4063
4064
4065
4066
4067
4068
4069
4070
4071
4072
4074
4076
4077
4082
4084
4085
4086
4087
4088
4089
4090
4091
4092
4093
4094
4097
4099
4100
4103
4105
4107
4109
4110
4111
4112
4113
4114
4115
4117
4118
4121
4122
4123
4124
4125
4126
4128
4129
4130
4131
4133
4134
4137
4139
4140
4142
4143
4144
4145
4146
4148
4149
4150
4151
4152
4153
4154
4155
4157
4158
4159
4160
4161
4162
4163
4168
4170
4171
4172
4173
4174
4175
4176
4179
4184
4185
4188
4189
4190
4191
4192
4193
4194
4199
4200
4201
4204
4205
4208
4209
4210
4211
4212
4213
4214
4215
4216
4217
4218
4221
4222
4223
4224
4225
4232
4233
4234
4236
4237
4238
4239
4240
4241
4242
4245
4246
4247
4248
4249
4250
4253
4254
4255
4256
4258
4259
4261
4267
4277
4281
4282
4283
4284
4285
4286
4287
4288
4289
4291
4292
4293
4294
4295
4296
4297
4298
4299
4300
4301
4303
4306
4308
4311
4312
4313
4314
4316
4317
4318
4319
4320
4321
4322
4323
4324
4325
4326
4327
4329
4330
4331
4332
4335
4336
4337
4338
4340
4342
4345
4350
4351
4352
4353
4354
4355
4356
4357
4358
4359
4361
4363
4430
4435
4436
4437
4438
4440
4477
4478
4481
4482
4485
4486
4487
4488
4493
4494
4495
4496
4499
4501
4502
4504
4507
4520
4521
4522
4524
4528
4534
4542
4543
4544
4547
4548
4552
4580
4582
4583
4585
4586
4588
4589
4591
4593
4594
4595
4597
4598
4599
4600
4601
4602
4604
4605
4606
4607
4608
4609
4610
4613
4615
4616
4617
4618
4619
4620
4621
4622
4624
4625
4626
4627
4628
4629
4632
4633
4634
4635
4636
4637
4638
4640
4641
4642
4643
4644
4646
4647
4648
4649
4650
4651
4653
4654
4656
4659
4660
4661
4664
4665
4666
4668
4669
4670
4671
4673
4674
4675
4676
4677
4678
4680
4681
4682
4683
4684
4685
4686
4688
4689
4690
4691
4692
4693
4694
4696
4697
4698
4701
4702
4703
4704
4705
4706
4707
4708
4709
4710
4711
4712
4713
4714
4717
4719
4720
4722
4723
4724
4726
4729
4733
4734
4735
4736
4738
4739
4741
4744
4745
4747
4750
4751
4752
4753
4756
4758
4759
4760
4761
4762
4763
4771
4772
4775
4776
4778
4779
4780
4781
4782
4783
4784
4790
4791
4792
4793
4794
4795
4796
4798
4799
4800
4801
4802
4803
4804
4807
4808
4809
4811
4814
4815
4817
4818
4820
4821
4824
4825
4826
4828
4829
4830
4832
4833
4835
4836
4839
4841
4842
4843
4846
4848
4849
4850
4851
4852
4853
4854
4855
4856
4857
4858
4860
4861
4862
4863
4864
4867
4868
4869
4878
4879
4880
4881
4882
4883
4884
4885
4886
4887
4888
4889
4891
4892
4893
4897
4898
4899
4900
4901
4902
4904
4907
4908
4913
4914
4915
4916
4917
4919
4920
4921
4922
4923
4924
4925
4926
4927
4928
4929
4931
4935
4938
4939
4940
4942
4946
4948
4951
4952
4953
4956
4957
4958
4967
4968
4969
4973
4975
4976
4978
4982
4983
4985
4986
4987
4988
4990
4991
4992
4993
4994
4995
4998
4999
5000
5001
5002
5003
5004
5007
5008
5009
5010
5016
5017
5018
5019
5020
5021
5023
5024
5025
5026
5027
5028
5029
5030
5031
5033
5034
5036
5037
5042
5045
5046
5047
5048
5049
5050
5051
5052
5054
5055
5058
5062
5063
5064
5066
5068
5069
5071
5073
5074
5075
5076
5077
5078
5079
5080
5081
5082
5083
5087
5089
5090
5091
5092
5093
5094
5095
5096
5097
5098
5099
5100
5101
5104
5105
5106
5108
5110
5111
5116
5118
5119
5121
5122
5125
5126
5127
5128
5129
5130
5132
5133
5134
5136
5137
5138
5139
5140
5141
5142
5144
5145
5146
5147
5148
5149
5151
5152
5153
5154
5155
5156
5157
5158
5159
5160
5161
5162
5163
5164
5165
5166
5167
5168
5170
5172
5173
5174
5175
5176
5178
5179
5184
5188
5189
5190
5191
5192
5193
5194
5195
5196
5197
5198
5199
5201
5202
5203
5204
5205
5207
5208
5209
5210
5211
5213
5214
5216
5217
5218
5223
5224
5225
5226
5228
5229
5230
5232
5236
5238
5239
5241
5243
5244
5245
5250
5251
5252
5253
5255
5256
5257
5260
5261
5264
5265
5266
5267
5268
5269
5270
5271
5272
5273
5274
5275
5276
5277
5279
5281
5283
5284
5286
5287
5288
5289
5290
5291
5292
5293
5294
5295
5296
5297
5298
5300
5303
5304
5305
5306
5307
5308
5309
5311
5313
5315
5316
5317
5318
5319
5320
5321
5322
5324
5325
5326
5327
5328
5329
5330
5331
5332
5333
5334
5335
5336
5337
5338
5339
5340
5341
5345
5346
5347
5348
5349
5350
5351
5352
5354
5355
5357
5358
5359
5360
5361
5362
5364
5365
5366
5367
5368
5369
5371
5372
5373
5375
5376
5378
5379
5380
5387
5393
5394
5396
5406
5407
5408
5409
5411
5412
5414
5420
5422
5423
5424
5426
5427
5428
5429
5430
5431
5432
5433
5435
5436
5437
5438
5439
5440
5441
5442
5443
5444
5445
5446
5447
5449
5451
5452
5453
5454
5455
5456
5457
5458
5459
5463
5464
5465
5467
5468
5469
5470
5471
5473
5475
5476
5478
5479
5480
5481
5493
5494
5495
5496
5498
5499
5500
5501
5502
5504
5506
5507
5509
5510
5511
5514
5515
5516
5518
5519
5520
5521
5523
5524
5525
5526
5527
5528
5529
5530
5532
5533
5534
5536
5537
5538
5539
5542
5544
5545
5546
5547
5549
5550
5551
5552
5553
5557
5558
5562
5563
5564
5565
5566
5567
5568
5569
5571
5573
5575
5576
5577
5578
5579
5580
5581
5582
5583
5584
5585
5586
5587
5588
5589
5590
5591
5592
5593
5594
5595
5596
5597
5598
5599
5600
5601
5602
5603
5604
5605
5607
5608
5609
5610
5611
5612
5613
5616
5617
5618
5619
5620
5621
5623
5624
5626
5627
5629
5630
5631
5634
5635
5636
5638
5639
5641
5645
5646
5648
5649
5650
5651
5652
5653
5654
5655
5657
5660
5662
5663
5664
5669
5670
5671
5672
5673
5675
5676
5678
5680
5681
5682
5683
5684
5685
5686
5688
5689
5690
5691
5692
5693
5694
5695
5696
5697
5698
5699
5700
5701
5702
5704
5705
5706
5707
5708
5709
5710
5711
5713
5714
5715
5716
5717
5718
5719
5720
5723
5724
5725
5727
5728
5729
5730
5731
5732
5733
5734
5737
5739
5740
5741
5742
5743
5744
5745
5746
5747
5753
5754
5756
5757
5763
5764
5768
5770
5771
5774
5775
5777
5778
5780
5781
5782
5783
5784
5786
5787
5788
5789
5790
5791
5792
5793
5794
5795
5796
5797
5798
5799
5800
5801
5802
5803
5805
5806
5810
5813
5816
5817
5818
5819
5822
5824
5825
5826
5827
5828
5829
5830
5831
5832
5833
5834
5836
5837
5858
5860
5861
5862
5863
5864
5865
5866
5868
5869
5871
5872
5873
5874
5875
5876
5877
5878
5879
5880
5881
5883
5884
5885
5886
5887
5888
5889
5890
5891
5892
5893
5894
5896
5897
5898
5899
5900
5901
5902
5903
5905
5906
5908
5909
5910
5911
5912
5913
5914
5915
5916
5917
5918
5919
5920
5921
5922
5923
5925
5926
5927
5928
5929
5930
5931
5932
5933
5934
5935
5937
5939
5947
5950
5954
5955
5957
5961
5962
5965
5966
5967
5968
5969
5970
5971
5972
5973
5976
5977
5978
5979
5980
5981
5982
5983
5984
5985
5986
5987
5989
5990
5991
5992
5993
5994
5995
5996
5997
5998
5999
6000
6001
6002
6003
6004
6005
6007
6009
6010
6011
6013
6014
6015
6016
6017
6018
6019
6035
6036
6037
6038
6039
6041
6045
6046
6047
6048
6049
6050
6051
6059
6091
6093
6094
6095
6096
6097
6098
6102
6103
6117
6118
6119
6120
6121
6122
6123
6128
6129
6132
6133
6135
6136
6138
6141
6143
6146
6147
6150
6152
6155
6156
6157
6159
6160
6161
6164
6165
6166
6167
6168
6169
6170
6171
6175
6176
6181
6182
6183
6184
6185
6188
6191
6192
6193
6194
6195
6196
6197
6198
6199
6201
6203
6204
6205
6206
6208
6209
6210
6217
6218
6222
6223
6227
6228
6229
6230
6232
6233
6234
6235
6236
6237
6238
6239
6240
6241
6247
6249
6251
6252
6253
6256
6257
6258
6259
6261
6262
6263
6271
6272
6273
6274
6275
6276
6277
6278
6279
6280
6281
6282
6283
6284
6285
6286
6293
6294
6295
6296
6297
6299
6300
6301
6302
6303
6304
6305
6307
6309
6310
6311
6314
6317
6318
6319
6320
6322
6323
6324
6326
6327
6328
6329
6331
6332
6334
6335
6336
6337
6338
6339
6340
6342
6343
6344
6346
6347
6351
6352
6354
6355
6356
6357
6360
6361
6362
6363
6364
6366
6367
6368
6369
6370
6372
6373
6374
6375
6376
6382
6383
6385
6386
6387
6388
6389
6390
6391
6392
6397
6398
6399
6400
6401
6402
6403
6404
6405
6406
6407
6414
6415
6416
6418
6419
6421
6422
6424
6425
6426
6428
6429
6430
6431
6432
6433
6434
6439
6440
6441
6442
6443
6444
6445
6446
6447
6448
6449
6450
6451
6452
6453
6455
6456
6457
6461
6462
6464
6468
6469
6470
6472
6473
6474
6476
6477
6478
6480
6482
6483
6484
6489
6490
6491
6492
6493
6494
6495
6496
6497
6498
6499
6500
6502
6503
6504
6505
6506
6507
6508
6509
6510
6511
6512
6513
6514
6515
6517
6518
6519
6520
6521
6522
6523
6524
6525
6526
6527
6528
6529
6530
6531
6532
6533
6534
6535
6536
6538
6539
6540
6541
6542
6543
6545
6546
6548
6549
6550
6553
6554
6555
6556
6557
6558
6559
6560
6561
6563
6564
6565
6566
6567
6568
6569
6570
6571
6572
6573
6574
6575
6576
6578
6579
6580
6581
6582
6583
6584
6585
6586
6588
6590
6591
6594
6595
6596
6597
6598
6599
6601
6602
6603
6604
6605
6608
6609
6610
6611
6612
6614
6615
6616
6617
6618
6619
6620
6621
6622
6623
6624
6625
6626
6627
6628
6629
6631
6632
6633
6634
6635
6636
6637
6640
6641
6642
6643
6645
6646
6647
6649
6650
6651
6652
6653
6654
6656
6657
6658
6659
6660
6662
6663
6664
6665
6666
6667
6668
6670
6671
6672
6674
6675
6676
6677
6678
6683
6688
6689
6690
6691
6692
6693
6694
6695
6696
6697
6698
6699
6702
6707
6708
6709
6710
6711
6712
6713
6714
6715
6716
6717
6718
6720
6721
6722
6723
6726
6727
6728
6729
6731
6732
6733
6734
6736
6737
6738
6741
6742
6744
6745
6746
6747
6748
6749
6750
6751
6752
6753
6754
6755
6756
6760
6764
6767
6768
6769
6770
6772
6773
6774
6775
6776
6777
6778
6779
6780
6781
6782
6783
6785
6786
6787
6788
6789
6790
6792
6793
6794
6795
6799
6801
6804
6809
6810
6811
6812
6813
6814
6817
6819
6820
6821
6822
6827
6829
6830
6832
6833
6834
6835
6837
6839
6840
6843
6844
6845
6847
6850
6853
6854
6855
6856
6857
6861
6862
6863
6865
6866
6867
6868
6869
6870
6871
6872
6873
6874
6875
6876
6877
6878
6879
6881
6882
6883
6884
6885
6886
6888
6890
6891
6892
6894
6895
6897
6898
6899
6900
6901
6902
6903
6904
6905
6906
6907
6908
6909
6910
6911
6915
6916
6917
6919
6921
6923
6924
6925
6926
6927
6928
6929
6932
6934
6936
6938
6939
6940
6942
6943
6944
6945
6947
6948
6949
6953
6954
6988
6990
6992
6993
6996
6999
7001
7003
7004
7005
7006
7007
7008
7009
7010
7011
7013
7014
7015
7016
7018
7019
7020
7021
7022
7023
7024
7025
7026
7027
7029
7030
7031
7032
7033
7035
7036
7037
7038
7039
7040
7041
7042
7043
7045
7046
7047
7048
7049
7050
7051
7052
7053
7054
7056
7057
7058
7059
7060
7064
7066
7067
7068
7070
7071
7072
7073
7074
7075
7076
7077
7078
7079
7080
7082
7083
7084
7086
7087
7088
7089
7090
7091
7092
7093
7094
7095
7096
7097
7098
7099
7100
7101
7102
7103
7104
7105
7106
7107
7108
7109
7110
7111
7112
7113
7114
7122
7124
7125
7126
7127
7128
7130
7132
7133
7134
7135
7136
7137
7138
7139
7140
7141
7142
7143
7145
7148
7150
7153
7155
7156
7157
7158
7159
7161
7163
7164
7165
7166
7167
7168
7169
7170
7171
7172
7173
7174
7175
7177
7179
7180
7181
7182
7184
7185
7186
7187
7188
7189
7200
7201
7204
7205
7216
7220
7221
7222
7223
7224
7225
7226
7227
7247
7248
7249
7251
7252
7253
7257
7258
7259
7260
7262
7263
7264
7265
7266
7268
7270
7272
7273
7274
7275
7276
7277
7280
7283
7284
7286
7287
7288
7289
7290
7291
7292
7293
7294
7295
7296
7297
7298
7299
7301
7305
7306
7307
7311
7314
7316
7317
7319
7320
7321
7322
7323
7324
7326
7327
7328
7329
7332
7334
7336
7337
7341
7342
7343
7345
7347
7348
7349
7350
7351
7352
7353
7355
7356
7357
7358
7360
7363
7366
7367
7368
7369
7372
7373
7374
7375
7376
7378
7379
7380
7381
7384
7385
7386
7389
7390
7392
7398
7399
7402
7403
7404
7405
7407
7408
7409
7410
7411
7412
7414
7415
7416
7417
7419
7421
7422
7423
7424
7425
7428
7429
7430
7431
7432
7433
7434
7436
7439
7441
7443
7444
7447
7450
7453
7454
7456
7458
7461
7462
7464
7465
7466
7468
7471
7472
7474
7475
7476
7477
7479
7480
7481
7482
7485
7486
7490
7494
7498
7503
7504
7507
7508
7511
7512
7514
7515
7516
7517
7518
7520
7525
7528
7529
7531
7533
7534
7535
7536
7538
7539
7541
7542
7543
7544
7545
7547
7551
7552
7553
7554
7555
7556
7559
7561
7564
7570
7571
7572
7574
7580
7582
7584
7586
7592
7593
7594
7596
7597
7625
7626
7629
7633
7634
7638
7639
7644
7673
7678
7681
7691
7692
7693
7694
7695
7696
7699
7700
7701
7702
7703
7704
7705
7706
7707
7709
7710
7711
7712
7716
7718
7726
7727
7728
7733
7737
7738
7739
7741
7743
7745
7746
7748
7750
7752
7753
7755
7756
7761
7762
7763
7764
7766
7767
7768
7769
7770
7771
7773
7775
7776
7779
7781
7782
7783
7786
7791
7798
7799
7802
7803
7804
7805
7812
7813
7818
7827
7832
7837
7840
7841
7844
7846
7849
7850
7851
7852
7855
7857
7862
7866
7867
7869
7873
7874
7879
7881
7884
7903
7905
7913
7915
7916
7917
7922
7923
7932
7940
7941
7942
7957
7965
7975
7976
7978
7979
7980
7984
7988
7991
7993
7994
8000
8001
8013
8019
8021
8022
8027
8028
8029
8030
8031
8034
8036
8038
8045
8048
8050
8061
8065
8073
8074
8076
8078
8079
8082
8085
8086
8087
8089
8091
8092
8100
8106
8110
8111
8115
8120
8125
8128
8131
8139
8140
8148
8153
8161
8165
8174
8175
8178
8187
8189
8190
8192
8193
8195
8200
8202
8204
8208
8209
8216
8218
8224
8225
8226
8227
8228
8233
8237
8239
8241
8242
8243
8260
8266
8269
8270
8273
8277
8284
8287
8288
8289
8290
8291
8292
8295
8301
8302
8303
8309
8310
8312
8314
8315
8317
8318
8321
8322
8323
8324
8326
8328
8330
8331
8334
8335
8336
8340
8341
8342
8344
8345
8348
8349
8350